/* A sample map. */
/* room size, width height */
ROOM_SIZE 20 20
/* initial start position */
PLAYER_START 3 3
/* room collision data */
DATA 
1  1  1  1  1  1  1  1  1  1  1  1  1  1  1  1  1  1  1  1  
1  0  0  0  0  0  0  0  0  0  0  0  0  0  0  0  0  0  0  1  
1  0  0  0  0  0  0  0  0  0  0  0  0  0  0  0  0  0  0  1  
1  0  0  0  0  0  0  0  0  0  0  0  0  0  0  0  0  0  0  1  
1  0  0  0  0  0  0  0  0  0  0  0  0  0  0  0  0  0  0  1  
1  0  0  0  0  0  0  0  0  0  0  0  0  0  0  0  0  0  0  1  
1  0  0  0  0  0  0  0  0  0  0  0  0  0  0  0  0  0  0  1  
1  0  0  0  0  0  0  0  0  0  0  0  0  0  0  0  0  0  0  1  
1  0  0  0  0  0  0  0  0  0  0  0  0  0  0  0  0  0  0  1  
1  0  0  0  0  0  0  0  0  0  0  0  0  0  0  0  0  0  0  1  
1  0  0  0  0  0  0  0  0  0  0  0  0  0  0  0  0  0  0  1  
1  0  0  0  0  0  0  0  0  0  0  0  0  0  0  0  0  0  0  1  
1  0  0  0  0  0  0  0  0  0  0  0  0  0  0  0  0  0  0  1  
1  0  0  0  0  0  0  0  0  0  0  0  0  0  0  0  0  0  0  1  
1  0  0  0  0  0  0  0  0  0  0  0  0  0  0  0  0  0  0  1  
1  0  0  0  0  0  0  0  0  0  0  0  0  0  0  0  0  0  0  1  
1  0  0  0  0  0  0  0  0  0  0  0  0  0  0  0  0  0  0  1  
1  0  0  0  0  0  0  0  0  0  0  0  0  0  0  0  0  0  0  1  
1  0  0  0  0  0  0  0  0  0  0  0  0  0  0  0  0  0  0  1  
1  0  0  0  0  0  0  0  0  0  0  0  0  0  0  0  0  0  0  1  
1  0  0  0  0  0  0  0  0  0  0  0  0  0  0  0  0  0  0  1  
1  1  1  1  1  1  1  1  1  1  1  1  1  1  1  1  1  1  1  1  